 1  0 1
 1  1 2
 1  1 3
 2  1 3
 2  2 4
 2  2 5
 3  2 7
 3  3 8
 3  3 9
 4  3 15
 4  4 16
 4  4 17
 5  4 31
 5  5 32
 5  5 33
 6  5 63
 6  6 64
 6  6 65
 7  6 127
 7  7 128
 7  7 129
 8  7 255
 8  8 256
 8  8 257
 9  8 511
 9  9 512
 9  9 513
10  9 1023
10 10 1024
10 10 1025
11 10 2047
11 11 2048
11 11 2049
12 11 4095
12 12 4096
12 12 4097
13 12 8191
13 13 8192
13 13 8193
14 13 16383
14 14 16384
14 14 16385
15 14 32767
15 15 32768
15 15 32769
16 15 65535
16 16 65536
16 16 65537
17 16 131071
17 17 131072
17 17 131073
18 17 262143
18 18 262144
18 18 262145
19 18 524287
19 19 524288
19 19 524289
20 19 1048575
20 20 1048576
20 20 1048577
21 20 2097151
21 21 2097152
21 21 2097153
22 21 4194303
22 22 4194304
22 22 4194305
23 22 8388607
23 23 8388608
23 23 8388609
24 23 16777215
24 24 16777216
24 24 16777217
25 24 33554431
25 25 33554432
25 25 33554433
26 25 67108863
26 26 67108864
26 26 67108865
27 26 134217727
27 27 134217728
27 27 134217729
28 27 268435455
28 28 268435456
28 28 268435457
29 28 536870911
29 29 536870912
29 29 536870913
30 29 1073741823
30 30 1073741824
30 30 1073741825
31 30 2147483647
31 31 2147483648
31 31 2147483649
