 1  0 1
 1  1 2
 1  1 3
 2  1 3
 2  2 4
 2  2 5
 3  2 7
 3  3 8
 3  3 9
 4  3 15
 4  4 16
 4  4 17
 5  4 31
 5  5 32
 5  5 33
 6  5 63
 6  6 64
 6  6 65
 7  6 127
 7  7 128
 7  7 129
 8  7 255
 8  8 256
 8  8 257
 9  8 511
 9  9 512
 9  9 513
10  9 1023
10 10 1024
10 10 1025
11 10 2047
11 11 2048
11 11 2049
12 11 4095
12 12 4096
12 12 4097
13 12 8191
13 13 8192
13 13 8193
14 13 16383
14 14 16384
14 14 16385
15 14 32767
15 15 32768
15 15 32769
16 15 65535
16 16 65536
16 16 65537
17 16 131071
17 17 131072
17 17 131073
18 17 262143
18 18 262144
18 18 262145
19 18 524287
19 19 524288
19 19 524289
20 19 1048575
20 20 1048576
20 20 1048577
21 20 2097151
21 21 2097152
21 21 2097153
22 21 4194303
22 22 4194304
22 22 4194305
23 22 8388607
23 23 8388608
23 23 8388609
24 23 16777215
24 24 16777216
24 24 16777217
25 24 33554431
25 25 33554432
25 25 33554433
26 25 67108863
26 26 67108864
26 26 67108865
27 26 134217727
27 27 134217728
27 27 134217729
28 27 268435455
28 28 268435456
28 28 268435457
29 28 536870911
29 29 536870912
29 29 536870913
30 29 1073741823
30 30 1073741824
30 30 1073741825
31 30 2147483647
31 31 2147483648
31 31 2147483649
 1  0 1
 1  1 2
 1  1 3
 2  1 3
 2  2 4
 2  2 5
 3  2 7
 3  3 8
 3  3 9
 4  3 15
 4  4 16
 4  4 17
 5  4 31
 5  5 32
 5  5 33
 6  5 63
 6  6 64
 6  6 65
 7  6 127
 7  7 128
 7  7 129
 8  7 255
 8  8 256
 8  8 257
 9  8 511
 9  9 512
 9  9 513
10  9 1023
10 10 1024
10 10 1025
11 10 2047
11 11 2048
11 11 2049
12 11 4095
12 12 4096
12 12 4097
13 12 8191
13 13 8192
13 13 8193
14 13 16383
14 14 16384
14 14 16385
15 14 32767
15 15 32768
15 15 32769
16 15 65535
16 16 65536
16 16 65537
17 16 131071
17 17 131072
17 17 131073
18 17 262143
18 18 262144
18 18 262145
19 18 524287
19 19 524288
19 19 524289
20 19 1048575
20 20 1048576
20 20 1048577
21 20 2097151
21 21 2097152
21 21 2097153
22 21 4194303
22 22 4194304
22 22 4194305
23 22 8388607
23 23 8388608
23 23 8388609
24 23 16777215
24 24 16777216
24 24 16777217
25 24 33554431
25 25 33554432
25 25 33554433
26 25 67108863
26 26 67108864
26 26 67108865
27 26 134217727
27 27 134217728
27 27 134217729
28 27 268435455
28 28 268435456
28 28 268435457
29 28 536870911
29 29 536870912
29 29 536870913
30 29 1073741823
30 30 1073741824
30 30 1073741825
31 30 2147483647
31 31 2147483648
31 31 2147483649
32 31 4294967295
32 32 4294967296
32 32 4294967297
33 32 8589934591
33 33 8589934592
33 33 8589934593
34 33 17179869183
34 34 17179869184
34 34 17179869185
35 34 34359738367
35 35 34359738368
35 35 34359738369
36 35 68719476735
36 36 68719476736
36 36 68719476737
37 36 137438953471
37 37 137438953472
37 37 137438953473
38 37 274877906943
38 38 274877906944
38 38 274877906945
39 38 549755813887
39 39 549755813888
39 39 549755813889
40 39 1099511627775
40 40 1099511627776
40 40 1099511627777
41 40 2199023255551
41 41 2199023255552
41 41 2199023255553
42 41 4398046511103
42 42 4398046511104
42 42 4398046511105
43 42 8796093022207
43 43 8796093022208
43 43 8796093022209
44 43 17592186044415
44 44 17592186044416
44 44 17592186044417
45 44 35184372088831
45 45 35184372088832
45 45 35184372088833
46 45 70368744177663
46 46 70368744177664
46 46 70368744177665
47 46 140737488355327
47 47 140737488355328
47 47 140737488355329
48 47 281474976710655
48 48 281474976710656
48 48 281474976710657
49 48 562949953421311
49 49 562949953421312
49 49 562949953421313
50 49 1125899906842623
50 50 1125899906842624
50 50 1125899906842625
51 50 2251799813685247
51 51 2251799813685248
51 51 2251799813685249
52 51 4503599627370495
52 52 4503599627370496
52 52 4503599627370497
53 52 9007199254740991
53 53 9007199254740992
53 53 9007199254740993
54 53 18014398509481983
54 54 18014398509481984
54 54 18014398509481985
55 54 36028797018963967
55 55 36028797018963968
55 55 36028797018963969
56 55 72057594037927935
56 56 72057594037927936
56 56 72057594037927937
57 56 144115188075855871
57 57 144115188075855872
57 57 144115188075855873
58 57 288230376151711743
58 58 288230376151711744
58 58 288230376151711745
59 58 576460752303423487
59 59 576460752303423488
59 59 576460752303423489
60 59 1152921504606846975
60 60 1152921504606846976
60 60 1152921504606846977
61 60 2305843009213693951
61 61 2305843009213693952
61 61 2305843009213693953
62 61 4611686018427387903
62 62 4611686018427387904
62 62 4611686018427387905
63 62 9223372036854775807
63 63 9223372036854775808
63 63 9223372036854775809
